70 67
0001000001101000010110100110011110100111111011111011001000001001110011
0011110111101111101100110111110011111111010111000001101011100100111000
0001111100010010011110101000111100100100010011011000111111100001111001
0010100010110010111110110110111110001110010001001011001110111000010101
0000010000000000110100010110000000001101000010011011010010010010010101
0101101010110111000010110110011000011011101010010110010011011000001001
0110011011111001010011011100001110111101101101010110011100001001011011
0101111000110001100000000101101001001011100111100011110001011010001000
1010000000010010110010101100110100000111001000000000000001011010100000
0001101100010101000001001111111100110110110100000100011101001100101101
0010111110101001000011100101111001000100111001110010101000011000001001
1010000010010010001110111000001011100101011110001100100001111001001110
1100010010011111101111000101000010111011111010111000111101101000101111
0000011100101110001110011001000110111000001100111101110100100010011111
0001100101000010111111010011100110000111001101010001100000100100100001
1000111010111000100100111001000101000010001101000101111010101011001110
1011100000110111110001100111011000010010010010100100011100110111111110
0110011000001100001100000110110101110010010010110000001000111101110101
0101110101111000010001101111001111100010001100011001010110010111111101
0001000110111101001000010111110011010001010010111100010001001010011011
1000011000100101011011101010110101010101010111111010001010110010110010
0101110010101100001010100001101101100111110011010011111010010101001001
1111010110000000000110111110110101110111000110010110011001111100000100
0100101011010100010110000000011011001110110100010001010001110111010000
1000101011011110010010101110111101001100110101101110001000111011100100
0110110101110011111001100100000111101101111010000111101110111110101111
0111111000101000100111000100011010010000011100001011101000011010111000
0010010111010110011001101101000110001100000110110000001111101111100101
1011110101011100110110100010011101101010000001011010000101100100000111
0100101100010001111001101001100001101101000101010001100101110111100101
0100011101001100001011001000000111001111101001110001110001001110100001
0000100101101110100010001000110000000000110010010001101001111011010100
0110110000100011100110100101110100011100001111000000100110110100111101
1010010101110101010001101101011010100001001011001001111010110000011011
0001000010000100111010110000111010011110011110100011011100000001010001
0111110000101100100101000110000100110011101001111010010110100010101010
0100110101011100110110100101010001010101110011001010011100111111101110
0011011100111111110010000001110111000001001011100011010001000101111100
1000011011010000101001010000100011100011111000110100111011001000101100
0000101101110011100111001010111111000100111111101100011011010001011011
0111101110100101111110000000000101011000010000110110101101100011111100
0001101001110001001110101101010111000100110000000011001100001101111010
0000101111101100101011110110111001111001110001111111001110101110100010
1011101001010010110011101101011110110111110110000101100101001010000011
1011110100000010010001000010010000111001001100100110010101001011001000
1001101010111010110111010000101010000111000100001110000000011011011001
1101000001000011101110101101101010001110000001101101110011101010011001
1001010000110111110010001011111011001110111111010110111110000110101110
1001001101001110100001000110111010001010011010101111101010111111001111
0100101011011100011011001111111001110100111111101100111010101001001111
0111011110001111111010101000110001110001111001011000000101010101001111
1000000100100110000101011011011000101110100001000001011001010011011100
0100001001001101011110110110111100000011100101111000011001101100000000
0011000111100001010000000011111001110000101000100000101010111100110010
0000000101100000100110001100011111011011010111001101111110000111101111
1000010100011000000010001010101000111001011110010111001101110100010000
0111001101010011110001110010001000000011110101011111111100100001010000
0011010110010101011001001010001100111111011110011101011111110101011011
0110101011000010010011110000001110100100001000010110001001000111100110
1110011111001110001100010100110001101001001001110101101100111110101111
1010001100101110001101011000100110011111101011110001010111111110011011
1101011100111000010010011000000100010100000111001011000100000010011001
1011110010110101010010100000000111111111111010011110101010010101110001
0111111101001111000100010011001010101101110110110001001000011111000110
1001001000111001100001010011111011101001001111011100111010101110001000
0100000101011000000110111000001100101011011001011000111000001011001000
1110111111011001010101000000010111101111101001000001110101101001011101
1 46