100
0010011000111010101010101010101010101010101010001000100110001110101010101010101010101010101010100010
0010011000110101010101001010100110101010101011001000100110001101010101010010101001101010101010110010
0010011111111001001010001000101111010101010101001000100111111110010010100010001011110101010101010010
1111111000111110000011111000001111001111100000101011111110001111100000111110000011110011111000001010
1111111000111011101101101011011101011101101101001011111110001110111011011010110111010111011011010010
0010001110001010111000101001010111010111000101001000100011100010101110001010010101110101110001010010
0010011000111110110011111111101110110110011111001000100110001111101100111111111011101101100111110010
0101100110111110111011111111010010110111011111001001011001101111101110111111110100101101110111110010
0101100110111110000011111111110010110000011111001001011001101111100000111111111100101100000111110010
0101011011000000111100100000001110000111100000001101010110110000001111001000000011100001111000000011
0101100001011010000100100011010010010000101101001001011000010110100001001000110100100100001011010010
1010111110011011111000100011011101011000001101001010101111100110111110001000110111010110000011010010
1010100010101010001011111101010001011000010101101010101000101010100010111111010100010110000101011010
0110111100011011110011111111011110111111001101001101101111000110111100111111110111101111110011010011
0110111011011011101101001000011101011000101101001001101110110110111011010010000111010110001011010010
0010101110001010111000001001010111011000000101001000101011100010101110000010010101110110000001010010
1111101100111110110011111111110110110110011111001011111011001111101100111111111101101101100111110010
1111101110111110111011111111110111110111011111001011111011101111101110111111111101111101110111110010
1111100000111110000011111111110000110000011111001111111000001111100000111111111100001100000111110011
1001001111000000111100000100100111000111100000001010010011110000001111000001001001110001111000000010
0110100001011010000101100100010000010000101101001001101000010110100001011001000100000100001011010010
0110111110011011111000110011011111011111000110011001101111100110111110001100110111110111110001100110
1001100010101010001010110100110001010001010110001010011000101010100010101101001100010100010101100010
0110111100011011110001001011011110011110001001001001101111000110111100010010110111100111100010010010
0110111011011011101101001011011101011101101001001001101110110110111011010010110111010111011010010010
0010011000111010101010101010101010101010101010001000100110001110101010101010101010101010101010100010
0010011000110101010101001010100110101010101011001000100110001101010101010010101001101010101010110010
0010011111111001001010001000101111010101010101001000100111111110010010100010001011110101010101010010
1111111000111110000011111000001111001111100000101011111110001111100000111110000011110011111000001010
1111111000111011101101101011011101011101101101001011111110001110111011011010110111010111011011010010
0010001110001010111000101001010111010111000101001000100011100010101110001010010101110101110001010010
0010011000111110110011111111101110110110011111001000100110001111101100111111111011101101100111110010
0101100110111110111011111111010010110111011111001001011001101111101110111111110100101101110111110010
0101100110111110000011111111110010110000011111001001011001101111100000111111111100101100000111110010
0101011011000000111100100000001110000111100000001101010110110000001111001000000011100001111000000011
0101100001011010000100100011010010010000101101001001011000010110100001001000110100100100001011010010
1010111110011011111000100011011101011000001101001010101111100110111110001000110111010110000011010010
1010100010101010001011111101010001011000010101101010101000101010100010111111010100010110000101011010
0110111100011011110011111111011110111111001101001101101111000110111100111111110111101111110011010011
0110111011011011101101001000011101011000101101001001101110110110111011010010000111010110001011010010
0010101110001010111000001001010111011000000101001000101011100010101110000010010101110110000001010010
1111101100111110110011111111110110110110011111001011111011001111101100111111111101101101100111110010
1111101110111110111011111111110111110111011111001011111011101111101110111111111101111101110111110010
1111100000111110000011111111110000110000011111001111111000001111100000111111111100001100000111110011
1001001111000000111100000100100111000111100000001010010011110000001111000001001001110001111000000010
0110100001011010000101100100010000010000101101001001101000010110100001011001000100000100001011010010
0110111110011011111000110011011111011111000110011001101111100110111110001100110111110111110001100110
1001100010101010001010110100110001010001010110001010011000101010100010101101001100010100010101100010
0110111100011011110001001011011110011110001001001001101111000110111100010010110111100111100010010010
0110111011011011101101001011011101011101101001001001101110110110111011010010110111010111011010010010
0010011000111010101010101010101010101010101010001000100110001110101010101010101010101010101010100010
0010011000110101010101001010100110101010101011001000100110001101010101010010101001101010101010110010
0010011111111001001010001000101111010101010101001000100111111110010010100010001011110101010101010010
1111111000111110000011111000001111001111100000101011111110001111100000111110000011110011111000001010
1111111000111011101101101011011101011101101101001011111110001110111011011010110111010111011011010010
0010001110001010111000101001010111010111000101001000100011100010101110001010010101110101110001010010
0010011000111110110011111111101110110110011111001000100110001111101100111111111011101101100111110010
0101100110111110111011111111010010110111011111001001011001101111101110111111110100101101110111110010
0101100110111110000011111111110010110000011111001001011001101111100000111111111100101100000111110010
0101011011000000111100100000001110000111100000001101010110110000001111001000000011100001111000000011
0101100001011010000100100011010010010000101101001001011000010110100001001000110100100100001011010010
1010111110011011111000100011011101011000001101001010101111100110111110001000110111010110000011010010
1010100010101010001011111101010001011000010101101010101000101010100010111111010100010110000101011010
0110111100011011110011111111011110111111001101001101101111000110111100111111110111101111110011010011
0110111011011011101101001000011101011000101101001001101110110110111011010010000111010110001011010010
0010101110001010111000001001010111011000000101001000101011100010101110000010010101110110000001010010
1111101100111110110011111111110110110110011111001011111011001111101100111111111101101101100111110010
1111101110111110111011111111110111110111011111001011111011101111101110111111111101111101110111110010
1111100000111110000011111111110000110000011111001111111000001111100000111111111100001100000111110011
1001001111000000111100000100100111000111100000001010010011110000001111000001001001110001111000000010
0110100001011010000101100100010000010000101101001001101000010110100001011001000100000100001011010010
0110111110011011111000110011011111011111000110011001101111100110111110001100110111110111110001100110
1001100010101010001010110100110001010001010110001010011000101010100010101101001100010100010101100010
0110111100011011110001001011011110011110001001001001101111000110111100010010110111100111100010010010
0110111011011011101101001011011101011101101001001001101110110110111011010010110111010111011010010010
0010011000111010101010101010101010101010101010001000100110001110101010101010101010101010101010100010
0010011000110101010101001010100110101010101011001000100110001101010101010010101001101010101010110010
0010011111111001001010001000101111010101010101001000100111111110010010100010001011110101010101010010
1111111000111110000011111000001111001111100000101011111110001111100000111110000011110011111000001010
1111111000111011101101101011011101011101101101001011111110001110111011011010110111010111011011010010
0010001110001010111000101001010111010111000101001000100011100010101110001010010101110101110001010010
0010011000111110110011111111101110110110011111001000100110001111101100111111111011101101100111110010
0101100110111110111011111111010010110111011111001001011001101111101110111111110100101101110111110010
0101100110111110000011111111110010110000011111001001011001101111100000111111111100101100000111110010
0101011011000000111100100000001110000111100000001101010110110000001111001000000011100001111000000011
0101100001011010000100100011010010010000101101001001011000010110100001001000110100100100001011010010
1010111110011011111000100011011101011000001101001010101111100110111110001000110111010110000011010010
1010100010101010001011111101010001011000010101101010101000101010100010111111010100010110000101011010
0110111100011011110011111111011110111111001101001101101111000110111100111111110111101111110011010011
0110111011011011101101001000011101011000101101001001101110110110111011010010000111010110001011010010
0010101110001010111000001001010111011000000101001000101011100010101110000010010101110110000001010010
1111101100111110110011111111110110110110011111001011111011001111101100111111111101101101100111110010
1111101110111110111011111111110111110111011111001011111011101111101110111111111101111101110111110010
1111100000111110000011111111110000110000011111001111111000001111100000111111111100001100000111110011
1001001111000000111100000100100111000111100000001010010011110000001111000001001001110001111000000010
0110100001011010000101100100010000010000101101001001101000010110100001011001000100000100001011010010
0110111110011011111000110011011111011111000110011001101111100110111110001100110111110111110001100110
1001100010101010001010110100110001010001010110001010011000101010100010101101001100010100010101100010
0110111100011011110001001011011110011110001001001001101111000110111100010010110111100111100010010010
0110111011011011101101001011011101011101101001001001101110110110111011010010110111010111011010010010
3
111
111
111